N 100 0
V 0 Noeud_0 1 158.782837 487.945709 1
V 1 Noeud_1 0 262.862427 463.426941 1
V 2 Noeud_2 2 518.872925 368.906952 1
V 3 Noeud_3 2 250.876556 73.131500 1
V 4 Noeud_4 3 677.557983 384.102234 1
V 5 Noeud_5 1 266.805237 296.795593 1
V 6 Noeud_6 3 513.954590 325.196320 1
V 7 Noeud_7 3 694.796387 330.574341 1
V 8 Noeud_8 2 213.577377 296.367676 1
V 9 Noeud_9 3 541.897705 281.853027 1
V 10 Noeud_10 1 467.771698 399.124725 1
V 11 Noeud_11 2 171.159729 72.614838 1
V 12 Noeud_12 3 673.042664 177.111313 1
V 13 Noeud_13 1 509.030518 211.717529 1
V 14 Noeud_14 3 657.613647 451.416168 1
V 15 Noeud_15 3 573.263611 329.401886 1
V 16 Noeud_16 3 694.056396 447.089569 1
V 17 Noeud_17 1 649.440430 332.475189 1
V 18 Noeud_18 0 230.279236 302.281799 1
V 19 Noeud_19 1 256.834564 99.036270 1
V 20 Noeud_20 2 225.956375 406.237701 1
V 21 Noeud_21 1 320.870392 348.962189 1
V 22 Noeud_22 0 525.941345 225.599533 1
V 23 Noeud_23 0 346.094299 162.024445 1
V 24 Noeud_24 2 597.753540 330.825439 1
V 25 Noeud_25 2 441.332520 496.634064 1
V 26 Noeud_26 3 496.522858 57.090485 1
V 27 Noeud_27 1 535.519287 209.243164 1
V 28 Noeud_28 0 745.031860 407.145599 1
V 29 Noeud_29 3 511.226624 75.918518 1
V 30 Noeud_30 0 550.577698 485.193451 1
V 31 Noeud_31 0 749.711609 87.755112 1
V 32 Noeud_32 2 478.899414 487.339447 1
V 33 Noeud_33 0 606.127319 358.589813 1
V 34 Noeud_34 3 746.350464 237.307907 1
V 35 Noeud_35 3 115.088570 438.256134 1
V 36 Noeud_36 3 98.952026 219.072006 1
V 37 Noeud_37 0 695.382568 367.587738 1
V 38 Noeud_38 2 357.506378 163.960541 1
V 39 Noeud_39 0 249.625046 548.643066 1
V 40 Noeud_40 2 592.775635 71.620308 1
V 41 Noeud_41 2 613.427795 500.366333 1
V 42 Noeud_42 1 77.659599 103.496979 1
V 43 Noeud_43 3 171.206589 135.060776 1
V 44 Noeud_44 0 609.037720 298.167053 1
V 45 Noeud_45 1 664.997620 96.584106 1
V 46 Noeud_46 0 623.808716 123.729401 1
V 47 Noeud_47 2 737.465149 69.482925 1
V 48 Noeud_48 1 60.043011 116.333694 1
V 49 Noeud_49 0 277.042053 189.924545 1
V 50 Noeud_50 1 703.895569 66.641968 1
V 51 Noeud_51 0 654.311157 305.706116 1
V 52 Noeud_52 2 369.955811 119.422813 1
V 53 Noeud_53 2 198.601471 510.605743 1
V 54 Noeud_54 0 267.803955 286.609375 1
V 55 Noeud_55 3 649.583435 549.024963 1
V 56 Noeud_56 2 453.875641 77.066467 1
V 57 Noeud_57 2 395.963989 347.665985 1
V 58 Noeud_58 0 87.910400 164.411530 1
V 59 Noeud_59 2 423.727386 147.359650 1
V 60 Noeud_60 3 87.675079 339.303528 1
V 61 Noeud_61 1 255.771210 333.288849 1
V 62 Noeud_62 3 291.562103 503.054749 1
V 63 Noeud_63 1 729.665527 434.562408 1
V 64 Noeud_64 0 591.057800 449.172516 1
V 65 Noeud_65 2 440.163818 466.673645 1
V 66 Noeud_66 0 118.738152 251.472580 1
V 67 Noeud_67 2 209.642685 60.374725 1
V 68 Noeud_68 0 184.802200 350.505035 1
V 69 Noeud_69 1 430.126678 470.796814 1
V 70 Noeud_70 2 363.374359 109.360687 1
V 71 Noeud_71 2 507.851990 62.890224 1
V 72 Noeud_72 0 92.741989 167.594604 1
V 73 Noeud_73 3 174.416229 166.902374 1
V 74 Noeud_74 2 618.490173 274.745453 1
V 75 Noeud_75 1 714.137878 525.676758 1
V 76 Noeud_76 3 77.637642 339.912689 1
V 77 Noeud_77 1 126.901901 257.267700 1
V 78 Noeud_78 1 152.026871 382.537567 1
V 79 Noeud_79 1 631.884583 74.541710 1
V 80 Noeud_80 3 730.215881 541.837646 1
V 81 Noeud_81 1 689.295837 296.671570 1
V 82 Noeud_82 3 385.944244 60.631924 1
V 83 Noeud_83 2 262.854797 371.744934 1
V 84 Noeud_84 2 464.907288 511.936523 1
V 85 Noeud_85 3 254.533035 468.974854 1
V 86 Noeud_86 2 512.713379 424.172760 1
V 87 Noeud_87 1 682.478394 453.248566 1
V 88 Noeud_88 0 127.101395 152.281494 1
V 89 Noeud_89 1 442.233063 307.933594 1
V 90 Noeud_90 2 718.350464 97.428741 1
V 91 Noeud_91 1 404.253235 359.814148 1
V 92 Noeud_92 3 715.973816 65.440880 1
V 93 Noeud_93 2 735.053650 119.246063 1
V 94 Noeud_94 0 665.210693 154.065491 1
V 95 Noeud_95 3 369.251740 167.214020 1
V 96 Noeud_96 0 647.179626 191.557968 1
V 97 Noeud_97 1 453.804596 224.136993 1
V 98 Noeud_98 1 393.974884 468.313782 1
V 99 Noeud_99 3 87.119659 171.569550 1
E 0 74 8.900136 4.195866 263.837646 0.788542 8
E 0 73 4.002208 23.340351 766.140747 0.903751 10
E 0 50 1.793217 15.107178 785.676636 0.815064 9
E 0 41 6.603115 25.772623 108.862587 0.751927 8
E 0 21 5.760157 17.054926 855.679260 0.944894 9
E 0 11 7.519502 40.602371 652.503418 0.847284 8
E 0 1 7.543372 19.820707 552.804810 0.939436 1
E 1 91 3.686182 15.462102 550.890808 0.567734 9
E 1 66 6.201008 30.068014 395.376587 0.996870 10
E 1 64 1.645587 30.335867 282.405518 0.660884 2
E 1 55 7.533162 16.486324 828.236145 0.702978 4
E 1 46 1.839986 31.694868 405.462128 0.667635 4
E 1 36 3.535219 19.654278 475.687347 0.876469 4
E 1 34 7.867124 48.592617 341.138672 0.565273 7
E 1 18 6.412929 17.864595 600.654480 0.722267 9
E 2 88 8.813807 42.713940 893.482422 0.921692 7
E 2 68 1.730584 16.906040 794.579102 0.939574 6
E 2 61 5.652829 45.068989 697.685364 0.721297 8
E 2 52 3.042996 9.872573 363.206848 0.620896 6
E 2 44 2.180909 14.836751 105.157166 0.653596 8
E 2 33 9.756479 12.699491 932.879211 0.778312 4
E 3 95 3.161033 30.885977 900.480896 0.768021 8
E 3 93 9.585926 37.225662 461.811279 0.812323 10
E 3 72 3.045540 46.717850 300.535065 0.940438 1
E 3 26 6.748755 24.526697 691.401917 0.551268 7
E 4 94 8.332904 39.778126 907.991943 0.900378 8
E 4 81 5.647222 21.981113 569.780029 0.940119 8
E 4 79 5.190234 2.467093 291.717163 0.605926 8
E 4 63 5.971649 14.594957 163.458176 0.523084 7
E 4 43 1.750031 32.443192 113.884232 0.640195 9
E 4 28 4.520828 47.604916 537.364380 0.768448 7
E 4 13 9.310617 31.163698 234.043793 0.596791 7
E 4 7 4.389260 13.443954 348.579102 0.538270 2
E 5 91 3.078092 36.376492 222.642075 0.636306 5
E 5 86 8.113983 48.510632 231.965912 0.695077 7
E 5 82 3.731612 7.575839 561.536987 0.973444 6
E 5 62 4.034557 43.496647 414.949615 0.754629 4
E 5 47 5.935699 8.120194 304.014221 0.926225 1
E 5 40 4.784160 35.673317 953.350647 0.924749 10
E 5 35 6.462163 15.029622 244.023392 0.778346 7
E 5 16 3.575757 5.097753 576.275513 0.590141 7
E 6 84 1.085299 15.227239 948.542419 0.528806 8
E 6 64 4.092542 8.302277 712.786987 0.727850 2
E 6 31 4.472241 11.698238 546.269043 0.912970 9
E 6 10 4.310476 7.370514 177.898773 0.858247 5
E 7 98 5.320301 46.182953 778.022949 0.851156 5
E 7 87 7.690782 33.475555 204.482605 0.577226 10
E 7 84 4.358982 35.882313 670.142273 0.545011 7
E 7 73 6.378840 34.567131 574.038269 0.700889 3
E 7 64 1.158701 18.866917 417.291718 0.623372 5
E 7 49 4.032447 46.409912 639.788635 0.625978 9
E 7 40 9.759516 45.503082 601.157104 0.915024 8
E 7 37 4.253657 2.156896 833.838440 0.512482 8
E 7 31 5.469615 38.102745 317.683899 0.562991 9
E 7 23 2.568594 13.811613 444.907349 0.976490 7
E 7 19 6.843592 29.523649 650.807312 0.510727 2
E 7 11 7.134397 32.655392 818.974854 0.728215 7
E 8 82 5.319650 35.569492 402.156799 0.805291 5
E 8 80 1.774959 10.431925 235.099686 0.955849 7
E 8 71 9.856797 29.220503 668.772705 0.757506 7
E 8 67 3.876782 12.297498 137.621521 0.780577 1
E 8 51 1.316077 13.603639 143.012833 0.620407 1
E 8 44 4.195072 31.377676 588.263794 0.527793 6
E 8 41 6.869106 12.241541 863.649841 0.868214 10
E 9 94 2.426989 41.262634 175.429291 0.800108 7
E 9 93 8.711271 19.181036 185.882416 0.903174 1
E 9 83 2.434676 9.688761 320.300873 0.998266 5
E 9 64 7.949717 11.298336 396.315826 0.766697 10
E 9 40 2.126093 45.935040 746.244080 0.624454 4
E 9 38 4.376242 47.268425 162.450500 0.614160 10
E 9 24 4.327425 39.294609 145.802643 0.669495 4
E 9 18 4.713042 45.110077 781.031311 0.940789 7
E 9 14 7.485222 39.844517 701.942444 0.970746 6
E 10 84 5.351393 49.225662 461.983643 0.921648 1
E 10 74 4.222442 36.837601 368.083435 0.654740 4
E 10 62 8.036859 47.194599 773.377258 0.973117 7
E 10 57 5.279320 20.211651 636.945007 0.574456 4
E 10 50 5.569689 32.390038 803.868591 0.677303 3
E 10 47 7.214137 28.181902 452.678589 0.538285 2
E 10 33 9.913841 6.039150 485.654327 0.940252 3
E 10 12 6.968822 22.797779 674.638306 0.525401 6
E 11 87 4.814679 35.318348 274.964691 0.684247 1
E 11 85 5.745289 28.615955 345.817108 0.749045 7
E 11 70 7.111856 28.039328 540.959595 0.837475 2
E 11 68 8.644133 49.707874 820.707947 0.910278 2
E 11 66 8.153273 17.586409 224.603928 0.954538 5
E 11 65 1.599231 2.483033 712.369995 0.834560 1
E 11 58 9.390351 26.199339 436.215576 0.819455 4
E 11 21 7.501130 25.408699 265.318604 0.616680 5
E 11 20 8.378186 18.270992 955.394775 0.511170 8
E 11 17 3.216762 34.281204 507.521057 0.614734 5
E 12 99 5.720193 35.181698 390.241943 0.553413 2
E 12 93 7.081728 15.146498 323.767242 0.864466 5
E 12 85 5.061337 16.727501 579.965698 0.546417 1
E 12 83 6.661717 47.202778 597.597351 0.677072 5
E 12 80 7.693173 7.333728 521.838562 0.800309 7
E 12 73 3.711007 33.066784 915.397949 0.552271 1
E 12 71 9.568198 32.068680 600.942627 0.912382 5
E 12 67 2.690528 48.424343 594.472046 0.995300 2
E 12 35 2.463794 28.170353 487.613220 0.730622 5
E 13 92 5.194924 39.569439 384.811554 0.848718 7
E 13 70 1.573197 21.244335 826.627563 0.682520 6
E 13 43 1.168208 6.863600 293.383301 0.662983 4
E 13 16 8.049329 12.252316 590.094666 0.623053 5
E 14 81 6.610843 46.952370 696.417480 0.882532 7
E 14 69 3.996375 28.589537 289.428650 0.737390 3
E 14 59 1.596937 37.612766 261.040649 0.672445 10
E 14 22 9.329432 37.839565 974.021423 0.931906 7
E 15 94 5.123358 7.990949 905.926453 0.614549 9
E 15 93 2.477776 33.579357 748.224121 0.613194 4
E 15 16 8.133486 20.039318 537.536438 0.875135 5
E 16 97 2.162971 39.368256 380.730713 0.745049 2
E 16 74 6.927545 18.697096 193.588333 0.855048 3
E 16 59 6.781507 32.501686 170.562500 0.857836 5
E 16 58 9.474799 11.569246 326.415985 0.596400 7
E 16 51 6.431828 32.199184 387.682404 0.654326 4
E 16 43 1.281550 39.190216 320.332764 0.796059 5
E 16 40 9.147553 6.072309 821.824524 0.835953 3
E 16 25 9.030822 6.556194 797.009338 0.631435 9
E 17 99 6.402656 8.839572 975.771362 0.772121 5
E 17 89 1.186950 6.808030 238.845139 0.927987 7
E 17 79 8.254663 34.447449 527.161682 0.503526 4
E 17 74 3.989141 3.651885 636.990295 0.997926 3
E 17 69 3.280551 40.286278 273.256348 0.733211 6
E 17 36 2.250146 29.378094 717.563904 0.831275 10
E 17 20 1.361302 35.828854 367.663544 0.733847 3
E 18 98 1.627013 45.687786 919.923767 0.810622 10
E 18 95 6.493353 27.060234 694.010681 0.909806 6
E 18 87 8.458758 41.031895 946.312988 0.712240 1
E 18 78 4.814146 35.616386 479.315948 0.757499 2
E 18 50 2.598214 29.179951 750.855957 0.686260 4
E 18 48 7.223204 24.916899 546.782776 0.709916 2
E 19 83 3.920655 8.938936 149.809921 0.586255 9
E 19 82 7.042261 29.770388 318.812714 0.602895 9
E 19 61 5.280232 5.737380 929.328857 0.627451 6
E 19 51 2.210034 33.926178 711.124268 0.703170 9
E 19 43 5.967918 16.231770 547.858154 0.751124 3
E 19 35 8.005189 40.272171 418.370239 0.693686 2
E 19 33 1.791404 45.232273 703.049500 0.807638 3
E 20 89 3.029501 49.079037 198.241211 0.799916 4
E 20 72 7.237045 17.457445 913.576721 0.546392 3
E 20 58 3.156426 1.280903 414.768921 0.567253 7
E 20 46 3.552253 10.377451 519.188965 0.560436 3
E 20 43 5.686286 19.575346 409.247742 0.515056 7
E 20 29 1.974671 8.007511 618.528015 0.611315 8
E 20 28 4.746717 39.561474 626.534912 0.873149 10
E 21 96 6.647292 1.176973 731.406311 0.581255 8
E 21 73 5.711157 41.346664 916.016296 0.825506 5
E 21 63 3.640968 43.209805 966.471802 0.939646 5
E 21 47 6.560652 11.187395 348.949646 0.997987 9
E 21 46 4.573833 46.839962 196.167465 0.937009 9
E 22 94 2.798666 45.470654 490.731476 0.846610 3
E 22 69 4.675187 11.175557 294.527466 0.846133 3
E 22 68 2.308689 45.265636 202.211823 0.874558 6
E 22 62 9.142136 49.306770 299.620483 0.900977 4
E 22 51 3.294301 24.467846 523.798950 0.605083 10
E 22 26 1.014182 24.699663 985.935913 0.680493 8
E 23 75 2.261333 24.044661 386.801666 0.930820 6
E 23 55 4.244452 41.865215 792.116760 0.948319 3
E 23 54 4.307239 5.147032 488.884827 0.604117 2
E 23 45 7.055053 24.305223 722.407166 0.554377 9
E 23 41 4.439665 19.738646 420.106049 0.901134 9
E 24 79 6.597953 43.396267 927.387512 0.501251 8
E 24 77 6.667279 17.088350 373.528534 0.996690 3
E 24 75 5.964215 20.398865 829.951721 0.721122 8
E 24 74 1.781230 45.308670 885.859802 0.748048 8
E 24 28 5.460789 14.521318 831.030640 0.795487 1
E 25 97 3.230046 24.889015 938.883972 0.846382 10
E 25 89 7.470157 33.249496 619.542725 0.585710 10
E 25 84 4.112090 33.109966 747.133545 0.930000 1
E 25 78 7.684446 41.714508 169.483292 0.780995 6
E 25 72 5.675512 13.722633 876.865845 0.769106 5
E 25 68 2.691709 9.426837 464.635315 0.680942 1
E 25 55 6.010153 9.970369 853.023987 0.652408 6
E 26 81 5.545890 10.673808 204.445343 0.729269 1
E 26 71 3.365515 23.947660 142.719208 0.878716 3
E 26 59 8.102638 39.387177 822.344482 0.690814 7
E 26 42 6.125924 19.483486 852.146423 0.957862 6
E 26 32 1.709510 48.567051 548.742188 0.505999 7
E 26 30 5.325824 12.587568 582.301453 0.856019 1
E 27 82 5.867992 35.581078 378.661224 0.921638 5
E 27 77 2.867125 37.804798 141.902008 0.748374 8
E 27 75 6.629584 46.828918 387.909668 0.776466 1
E 27 74 3.637748 42.544834 890.071777 0.575530 6
E 27 62 9.193999 42.100426 502.170929 0.659407 2
E 27 42 2.081934 23.178171 201.404388 0.835358 2
E 27 38 9.345955 30.714193 971.791321 0.609385 9
E 28 69 1.333565 45.769653 991.250610 0.804550 1
E 28 64 8.253490 25.050488 385.349152 0.868285 9
E 28 57 9.254840 23.291201 893.694702 0.904009 5
E 28 49 1.896866 42.494431 631.002319 0.586962 2
E 29 82 2.881465 27.011585 976.526794 0.825734 10
E 29 80 4.058826 10.256411 953.963989 0.651147 1
E 29 67 1.561030 34.948380 365.113403 0.922826 10
E 29 63 9.193563 2.190406 378.320099 0.736466 6
E 29 51 2.521232 41.029587 233.691513 0.807458 10
E 29 44 2.474414 19.964628 880.597107 0.608819 10
E 30 81 8.609928 6.773875 495.209015 0.654292 5
E 30 79 4.826216 12.993469 783.925110 0.960703 1
E 30 55 7.723667 4.632173 851.699463 0.785324 5
E 30 38 7.964845 23.572874 545.893738 0.909143 5
E 30 31 5.424682 42.529461 644.913574 0.978892 6
E 31 96 9.690521 4.173217 472.186676 0.689673 3
E 31 85 6.521625 17.071819 670.830444 0.970989 8
E 31 75 5.290860 47.195095 926.648865 0.604252 3
E 31 49 1.993476 13.756094 405.971039 0.919595 7
E 31 45 4.940460 29.896290 484.451324 0.707386 8
E 31 37 8.940673 38.489014 757.894104 0.903571 2
E 32 99 9.052023 35.525730 393.081177 0.564116 2
E 32 72 7.161709 32.825428 209.769836 0.945255 2
E 32 68 7.004035 10.879177 601.818848 0.593810 4
E 32 45 3.095840 43.363499 712.003296 0.910546 3
E 32 40 1.885051 39.368477 448.878815 0.559099 7
E 33 84 2.251034 12.613991 639.028015 0.524581 7
E 33 65 3.651367 14.740741 166.786774 0.603033 6
E 33 56 1.938609 40.215656 974.081116 0.989464 8
E 33 55 2.272599 25.842262 906.692932 0.770848 9
E 33 38 2.504429 22.441431 469.712067 0.583750 1
E 34 78 3.892724 1.109859 713.556641 0.915051 2
E 34 72 2.749082 16.321621 384.216553 0.792990 3
E 34 59 9.435314 24.564445 644.573853 0.806927 4
E 34 48 2.846845 44.149067 217.353226 0.753157 3
E 34 43 4.383121 39.667534 968.465271 0.553436 1
E 34 42 7.686317 17.003939 415.938110 0.984192 9
E 35 88 1.512273 32.414783 344.021912 0.986711 3
E 35 86 6.813297 1.425740 126.029160 0.540008 5
E 35 79 4.414085 31.091969 590.479309 0.714507 1
E 35 63 3.610507 48.818996 924.169556 0.954407 4
E 35 45 7.793736 46.267548 792.773254 0.578229 10
E 36 79 1.589925 32.929634 878.439087 0.958329 10
E 36 74 8.246538 25.839788 142.560638 0.898143 4
E 36 52 1.469282 18.586250 175.735367 0.658004 10
E 37 70 1.448425 21.041975 457.308044 0.764387 9
E 37 46 1.432775 9.948274 332.070862 0.896918 6
E 38 94 2.470223 28.438402 435.091461 0.823285 5
E 38 77 1.685384 45.949562 729.727661 0.906677 4
E 38 66 7.727058 21.005363 855.505615 0.824240 3
E 38 58 8.017818 19.959341 148.275543 0.759538 5
E 38 42 7.890998 28.267309 718.411194 0.742592 5
E 39 90 1.023038 2.051821 797.056580 0.572224 5
E 39 60 5.141809 30.283445 299.507965 0.850212 3
E 40 94 7.983323 48.372257 715.744263 0.840803 9
E 40 53 2.037393 14.416145 764.193176 0.719358 5
E 40 52 9.374144 13.184025 208.683655 0.803435 6
E 40 44 2.143368 9.659153 180.360840 0.847087 9
E 40 42 2.224551 39.299839 860.430359 0.807314 2
E 41 89 3.749527 29.813560 146.181183 0.703910 5
E 41 75 7.512555 41.860302 174.974335 0.551994 9
E 41 62 8.388353 17.632399 921.626831 0.712059 9
E 41 61 7.961123 26.045698 707.434082 0.746985 1
E 41 45 6.647958 13.091624 484.216156 0.511549 3
E 42 99 4.675243 16.291725 155.595917 0.611435 8
E 42 80 7.494352 42.187702 443.799072 0.628492 9
E 42 66 6.840693 9.257951 529.330505 0.754217 5
E 42 58 2.034392 33.830822 974.521606 0.602578 4
E 42 57 9.874368 20.034115 730.924500 0.582317 4
E 42 47 8.525193 44.130539 798.145447 0.739233 5
E 42 44 5.469172 46.574917 277.194031 0.999963 8
E 43 82 2.149348 17.873991 801.256409 0.787077 7
E 43 77 2.995003 28.332804 236.346024 0.593077 8
E 43 67 2.509338 30.609997 306.094574 0.850784 7
E 43 52 2.568199 26.692028 428.604706 0.755052 5
E 44 93 9.228887 49.481895 361.364990 0.922924 9
E 44 78 9.156277 20.309568 263.706482 0.563817 8
E 44 73 2.277790 10.862414 827.528259 0.593069 7
E 44 59 8.712677 49.825375 193.731812 0.694852 9
E 44 52 2.009875 44.355286 877.098694 0.943232 8
E 44 49 8.110430 17.255264 599.909729 0.768291 9
E 45 81 3.476009 40.645000 310.864563 0.889454 2
E 45 78 5.875584 44.234055 352.551392 0.628318 1
E 45 53 3.316527 49.245682 342.696777 0.613511 10
E 45 52 4.867850 49.815231 662.187012 0.765312 8
E 46 88 3.018954 14.958288 723.787598 0.943628 8
E 46 73 3.546410 14.721595 556.214905 0.779795 10
E 46 67 2.838720 35.666046 507.555237 0.933639 10
E 46 49 8.324127 20.593821 712.389648 0.518186 5
E 47 82 8.768006 16.676876 251.755020 0.970384 5
E 47 73 2.560132 23.498892 207.831360 0.845442 2
E 48 80 7.907131 34.459915 776.033142 0.771469 5
E 48 78 4.810524 47.190632 448.549683 0.985896 4
E 48 63 3.600218 38.329033 872.370850 0.798096 4
E 48 52 9.962597 8.391354 311.109436 0.675709 8
E 49 84 5.666815 1.853054 637.857483 0.594872 1
E 49 83 5.035004 8.148888 161.430161 0.587062 3
E 49 63 2.400426 11.700483 339.055298 0.612546 8
E 49 60 2.602233 5.021349 390.380066 0.842956 5
E 49 56 3.075046 2.611102 647.268799 0.970520 7
E 50 85 4.558050 23.565784 158.025970 0.801418 9
E 50 83 4.273361 41.218990 201.811813 0.639545 8
E 50 79 9.003139 21.452858 397.148956 0.545928 9
E 50 78 7.263713 7.669794 765.161438 0.760118 10
E 50 70 4.745694 43.902348 555.088501 0.762637 9
E 50 60 9.596354 11.423786 422.911133 0.593218 1
E 51 94 2.279608 30.215918 153.398987 0.598216 3
E 51 84 4.133732 4.403699 521.786255 0.812495 5
E 51 82 8.394208 14.363568 733.363037 0.851362 2
E 51 70 7.048553 17.478306 153.217407 0.902802 10
E 51 59 8.127700 29.592051 166.177094 0.910237 5
E 51 54 6.342182 12.191319 660.007568 0.915073 8
E 52 92 1.657579 49.614128 680.617920 0.859029 3
E 52 75 8.687634 12.279108 760.739563 0.971938 10
E 52 57 4.282382 33.590233 504.273834 0.794695 6
E 53 72 7.119270 20.449881 378.518616 0.590247 8
E 54 88 5.094022 18.608803 837.218018 0.568700 5
E 54 79 7.717958 21.261484 720.464294 0.912931 1
E 54 70 8.236641 2.262325 979.699463 0.949833 2
E 54 68 7.125945 43.224316 946.736389 0.665484 6
E 54 55 6.127863 49.990086 640.160400 0.597802 3
E 55 61 2.982685 28.131042 952.269653 0.831089 4
E 56 99 1.394020 40.711365 998.172852 0.939755 2
E 56 89 5.999300 45.825169 130.320694 0.611054 10
E 56 86 2.495407 29.850832 851.596680 0.825478 8
E 56 85 7.325478 24.418272 520.438171 0.724676 5
E 56 79 4.293964 15.488748 676.328979 0.811857 3
E 56 57 5.188988 35.386631 653.390015 0.625908 10
E 57 83 2.421305 11.191750 793.098022 0.610274 9
E 57 66 4.958002 18.073776 374.922974 0.516704 1
E 57 63 1.067617 14.295954 561.072510 0.636387 7
E 58 93 2.405660 49.602341 642.833069 0.553303 8
E 58 71 2.671072 32.021263 364.073853 0.716270 7
E 60 99 8.401359 31.663589 649.871582 0.773028 2
E 60 95 6.739272 38.844387 662.806641 0.550717 9
E 60 93 9.598795 38.802563 350.969055 0.854070 10
E 61 99 2.704968 46.711452 125.669739 0.684069 5
E 61 96 9.055403 1.823609 548.125183 0.744371 7
E 61 91 6.510952 20.469704 197.521606 0.580830 7
E 61 80 6.054923 39.626961 142.983490 0.846398 10
E 61 63 2.185541 46.638084 876.090576 0.530204 6
E 62 98 2.620096 22.565893 191.518066 0.524456 1
E 62 95 1.107104 1.538903 859.384460 0.541312 3
E 62 86 5.334394 12.709634 463.952087 0.801336 4
E 62 81 1.516135 42.822693 264.586914 0.784651 9
E 62 69 7.010501 14.624735 355.493652 0.601003 8
E 63 98 7.342527 16.523933 738.293396 0.887236 3
E 63 84 3.855450 20.351118 490.554352 0.692988 8
E 63 73 4.116588 3.662945 451.193024 0.667415 7
E 64 71 7.447472 15.423283 267.558044 0.526704 2
E 65 73 1.095750 40.612801 272.031464 0.796079 9
E 65 68 1.323964 49.208054 426.694611 0.920306 8
E 66 95 2.329323 22.433062 586.303467 0.723778 7
E 66 81 1.936541 47.000660 303.878235 0.656479 4
E 66 76 4.682467 40.325485 676.924255 0.870028 2
E 67 81 9.456316 35.297783 225.850021 0.589665 10
E 68 90 8.028183 37.270863 914.832275 0.769585 3
E 68 83 8.306231 49.096001 935.995789 0.878392 5
E 69 87 6.762861 41.315834 397.489716 0.727809 9
E 69 81 7.465353 34.707729 776.946350 0.798877 7
E 70 88 6.433718 9.182878 754.690369 0.989681 2
E 70 71 8.436499 13.138184 457.339386 0.557191 10
E 72 74 7.731326 19.458988 489.755859 0.737045 5
E 73 90 7.002351 3.843058 251.943726 0.732335 3
E 73 87 3.449953 8.389132 525.233032 0.995418 5
E 73 84 1.261539 21.115946 792.397949 0.573616 9
E 74 89 8.908625 45.878567 414.091248 0.740036 5
E 74 83 3.013323 38.698696 687.237366 0.665980 10
E 75 95 2.356131 25.478205 121.992401 0.847952 2
E 75 92 1.716939 42.385788 392.383545 0.550142 1
E 75 87 1.741014 40.275585 573.331177 0.598258 8
E 75 85 8.792784 29.975706 700.605469 0.986642 10
E 75 83 6.456056 44.216446 317.149658 0.574674 4
E 77 95 8.748083 6.706559 414.705353 0.973775 1
E 77 89 8.290063 39.597313 889.829407 0.812774 5
E 77 85 8.635880 29.468517 730.719971 0.672382 8
E 77 84 3.409287 11.303988 341.273712 0.826363 10
E 77 80 5.607303 44.206650 892.634399 0.503480 8
E 78 90 2.774240 15.423125 218.681580 0.656348 6
E 78 84 2.575010 12.934174 479.349731 0.572604 4
E 79 92 1.361905 42.021805 531.054199 0.848437 9
E 79 80 5.541154 18.300131 950.255066 0.520438 1
E 80 96 7.242040 33.491817 724.374512 0.923808 8
E 80 94 7.574914 15.056987 591.895569 0.938375 1
E 80 87 6.942392 5.266925 599.789001 0.640727 8
E 81 91 2.265905 1.351317 551.649414 0.650900 4
E 82 94 6.365002 42.289276 300.290771 0.659235 4
E 83 98 4.239833 11.195953 290.778931 0.845166 6
E 84 98 7.176449 9.610457 447.972443 0.596036 1
E 84 92 3.261706 30.929800 929.053589 0.557495 8
E 85 99 6.548566 32.300892 284.879761 0.763508 7
E 85 96 1.363526 43.389526 646.887329 0.908778 2
E 85 95 3.419632 26.902451 586.460693 0.691923 8
E 85 94 4.405066 38.825420 206.851852 0.699484 2
E 85 90 4.644797 23.390402 916.785889 0.511733 5
E 85 87 3.492404 21.854563 203.838760 0.565588 7
E 86 96 3.749595 36.122005 863.134644 0.557685 10
E 86 95 1.261427 10.801159 817.699036 0.815440 5
E 87 97 3.745853 36.718021 353.333313 0.929303 6
E 87 89 3.887450 8.498865 199.640656 0.866956 5
E 88 94 7.092207 43.050068 256.661560 0.784013 7
E 89 95 2.659192 22.965372 210.014069 0.725859 5
E 89 91 4.635602 14.921311 108.764305 0.834278 2
E 90 97 6.354201 34.034370 810.474426 0.857416 4
